[gd_scene format=3 uid="uid://dbnx63f3e5s88"]

[ext_resource type="PackedScene" uid="uid://dhp225d838mq7" path="res://src/main/resources/com/character/Character.tscn" id="1_base"]
[ext_resource type="Script" uid="uid://be3bdglh1u53c" path="res://gdj/com/character/Enemy.gdj" id="2_trpk3"]
[ext_resource type="Script" uid="uid://n2nm7nsou05h" path="res://src/main/java/com/character/EnemyCameraController.java" id="3_ecam"]

[node name="Enemy" unique_id=1865541393 instance=ExtResource("1_base")]
script = ExtResource("2_trpk3")
detection_range = 100.0
aim_pitch_min = -55.0
aim_pitch_max = 75.0
attack_range = 500.0
patrol_radius = 200.0
hit_chance = 0.75
reaction_time = 0.3
aim_scatter_radius = 1.5
strafe_change_duration = 1.2
suppression_duration = 1.5

[node name="Skeleton3D" parent="MeshRoot/Model/Godot_Chan_Stealth" index="0"]
bones/0/position = Vector3(7.087564e-10, -0.018712321, -0.080805)
bones/1/rotation = Quaternion(0.42919308, 0.10799846, 0.74839383, -0.49400038)
bones/2/rotation = Quaternion(0.4418926, -0.11781995, 0.04921859, 0.88793415)
bones/3/rotation = Quaternion(-0.09677752, -0.17553855, 0.048648983, 0.9784956)
bones/4/rotation = Quaternion(-0.057883523, -0.05466156, 0.007519123, 0.99679744)
bones/43/rotation = Quaternion(0.19535968, -0.020368626, 0.005961942, 0.980502)
bones/45/rotation = Quaternion(0.94156206, 0.14297691, -0.22702801, -0.20365816)
bones/46/rotation = Quaternion(0.4182227, 0.20328614, -0.09355381, 0.8803478)
bones/47/rotation = Quaternion(-0.46590337, 0.02372954, -0.027136818, 0.88410103)
bones/48/rotation = Quaternion(-0.4342663, 0.020974027, 0.02448799, 0.9002073)
bones/49/rotation = Quaternion(0.9517102, 0.004717678, 0.26575047, -0.15363032)
bones/50/rotation = Quaternion(0.1906153, -0.2154474, 0.02307448, 0.9574528)
bones/51/rotation = Quaternion(-0.5341469, -0.02261157, 0.023957942, 0.8447496)
bones/52/rotation = Quaternion(-0.30983743, -0.019993477, -0.036406744, 0.949882)

[node name="WeaponAttachment" parent="MeshRoot/Model/Godot_Chan_Stealth/Skeleton3D" index="8" unique_id=1709979392]
transform = Transform3D(-0.71977854, 0.041511644, 0.69296175, 0.65109104, 0.38666412, 0.6531245, -0.24083105, 0.9212858, -0.3053406, -0.13853712, 1.2531153, 0.3258144)

[node name="NeckAttachment" parent="MeshRoot/Model/Godot_Chan_Stealth/Skeleton3D" index="10" unique_id=374203861]
transform = Transform3D(0.9991514, -0.022368232, -0.034588516, 0.015678326, 0.98302263, -0.18281357, 0.03809027, 0.18211612, 0.982539, -0.010564322, 1.2361065, -0.11737983)

[node name="Physical Bone pelvis" parent="MeshRoot/Model/Godot_Chan_Stealth/Skeleton3D/PhysicalBoneSimulator3D" parent_id_path=PackedInt32Array(939471750) index="0" unique_id=1746322989]
transform = Transform3D(0.749731, 0.60756445, 0.26223823, -0.14328614, 0.5359301, -0.83201444, -0.6460437, 0.586212, 0.48885897, -0.011626226, 0.7927959, -0.053384572)
joint_offset = Transform3D(1, 0, 0, 0, 1, 0, 0, 0, 1, -0.0001261735, 0.0004056839, 0.04375521)
body_offset = Transform3D(0.9999993, -0.00088721514, -0.0002978146, -0.0002976358, 0.00011354685, -0.9999997, 0.00088736415, 0.99999964, 0.000113248825, 0.00013956428, 0.043755114, -0.000410527)

[node name="Physical Bone spine_01" parent="MeshRoot/Model/Godot_Chan_Stealth/Skeleton3D/PhysicalBoneSimulator3D" parent_id_path=PackedInt32Array(939471750) index="1" unique_id=1338132887]
transform = Transform3D(0.8826155, 0.4389911, -0.16815665, -0.017409883, -0.32693732, -0.9448856, -0.46977302, 0.8368983, -0.2809172, -0.016431794, 0.85465026, -0.06325516)
joint_offset = Transform3D(1, 0, 0, 0, 1, 0, 0, 0, 1, 7.945427e-06, -3.8386435e-05, 0.031048762)
body_offset = Transform3D(0.9999998, 0.00035312772, -0.00017687678, -0.00017678738, 0.00033043325, -0.99999994, -0.0003530383, 0.9999998, 0.00033031404, -2.4400651e-06, 0.031048775, 2.8133392e-05)

[node name="Physical Bone spine_02" parent="MeshRoot/Model/Godot_Chan_Stealth/Skeleton3D/PhysicalBoneSimulator3D" parent_id_path=PackedInt32Array(939471750) index="2" unique_id=757714071]
transform = Transform3D(0.9924623, 0.12097496, -0.019586924, -0.003466402, -0.13205215, -0.99123675, -0.12250131, 0.98383296, -0.13063744, -0.010352982, 0.92671055, -0.048893042)
joint_offset = Transform3D(1, 0, 0, 0, 1, 0, 0, 0, 1, -9.754816e-07, 5.331565e-07, 0.042945568)
body_offset = Transform3D(0.99999976, 0.0002059713, -3.296882e-07, -9.126961e-08, -3.0070543e-05, -0.9999999, -0.00020578504, 0.9999999, -3.0115247e-05, 9.895302e-07, 0.042945564, 7.599592e-07)

[node name="Physical Bone spine_03" parent="MeshRoot/Model/Godot_Chan_Stealth/Skeleton3D/PhysicalBoneSimulator3D" parent_id_path=PackedInt32Array(939471750) index="3" unique_id=820002353]
transform = Transform3D(-0.11670651, -0.98862976, -0.09481991, 0.2064197, 0.069242, -0.97601044, 0.9714786, -0.13347948, 0.19599167, 0.0006593922, 1.0738761, -0.06440869)
joint_offset = Transform3D(1, 0, 0, 0, 1, 0, 0, 0, 1, 1.2079836e-05, -1.574571e-05, 0.10749712)
body_offset = Transform3D(-0.11844833, -0.98806727, -0.0984521, -4.6417117e-05, 0.09915546, -0.99507207, 0.9929602, -0.11786033, -0.0117907375, 0.010569191, 0.10696894, 0.0012536198)

[node name="Physical Bone upperarm_l" parent="MeshRoot/Model/Godot_Chan_Stealth/Skeleton3D/PhysicalBoneSimulator3D" parent_id_path=PackedInt32Array(939471750) index="4" unique_id=2139273424]
transform = Transform3D(-0.7548211, -0.5038604, 0.41996416, -0.5758244, 0.8156263, -0.056391798, -0.31412023, -0.28439128, -0.90578705, 0.08260332, 1.206431, 0.05708794)
joint_offset = Transform3D(1, 0, 0, 0, 1, 0, 0, 0, 1, -3.318408e-05, 4.9272858e-05, 0.109501116)
body_offset = Transform3D(0.9999999, -0.0003888756, 0.00028580427, 0.00028538704, -0.0005719662, -0.9999995, 0.00038926303, 0.99999934, -0.00057178736, 1.9073486e-06, 0.10950109, 1.335144e-05)

[node name="Physical Bone lowerarm_l" parent="MeshRoot/Model/Godot_Chan_Stealth/Skeleton3D/PhysicalBoneSimulator3D" parent_id_path=PackedInt32Array(939471750) index="5" unique_id=131082064]
transform = Transform3D(-0.7289369, 0.37690383, 0.5714845, 0.3808511, 0.9169515, -0.11896407, -0.56886154, 0.1309332, -0.81194395, -0.019741643, 1.2242618, 0.23640725)
joint_offset = Transform3D(1, 0, 0, 0, 1, 0, 0, 0, 1, 2.807924e-05, 3.901046e-06, 0.09875473)
body_offset = Transform3D(0.9999993, 0.000845924, -0.0002155602, -0.0002156496, 2.875924e-06, -0.99999976, -0.0008463934, 0.9999993, 2.9876828e-06, -6.7949295e-06, 0.098754704, -4.172325e-06)

[node name="Physical Bone hand_l" parent="MeshRoot/Model/Godot_Chan_Stealth/Skeleton3D/PhysicalBoneSimulator3D" parent_id_path=PackedInt32Array(939471750) index="6" unique_id=1030953935]
transform = Transform3D(-0.11985184, -0.83293205, 0.5402404, -0.9617808, 0.23235674, 0.14487292, -0.2461978, -0.5022295, -0.8289465, -0.10046926, 1.2293922, 0.3540518)
joint_offset = Transform3D(1, 0, 0, 0, 1, 0, 0, 0, 1, -3.7460122e-06, 8.8276574e-05, 0.04533568)
body_offset = Transform3D(-0.33455175, 0.92892766, 0.1586447, -2.6166439e-05, 0.16833594, -0.9857296, -0.9423771, -0.3297822, -0.05629298, -0.0072755218, 0.04467386, 0.0025776625)

[node name="Physical Bone upperarm_r" parent="MeshRoot/Model/Godot_Chan_Stealth/Skeleton3D/PhysicalBoneSimulator3D" parent_id_path=PackedInt32Array(939471750) index="7" unique_id=1444960253]
transform = Transform3D(-0.9290241, 0.3693813, -0.021720303, 0.36999005, 0.92660946, -0.06709943, -0.0046590366, -0.07037328, -0.99750984, -0.15588406, 1.196846, 0.026048258)
joint_offset = Transform3D(1, 0, 0, 0, 1, 0, 0, 0, 1, 6.137945e-05, 0.00015097554, 0.10946225)
body_offset = Transform3D(0.9999997, 0.0003245603, -4.6817586e-06, -4.873611e-06, 8.9116395e-05, -0.99999994, -0.00032457185, 0.9999997, 8.896738e-05, -6.0915947e-05, 0.10946222, -0.00016069412)

[node name="Physical Bone lowerarm_r" parent="MeshRoot/Model/Godot_Chan_Stealth/Skeleton3D/PhysicalBoneSimulator3D" parent_id_path=PackedInt32Array(939471750) index="8" unique_id=1558192436]
transform = Transform3D(-0.9968356, 0.023580179, -0.07591388, 0.041710537, 0.96811944, -0.24699193, 0.067669585, -0.24937676, -0.96603936, -0.14603108, 1.2287132, 0.23052242)
joint_offset = Transform3D(1, 0, 0, 0, 1, 0, 0, 0, 1, -1.11440295e-05, 2.8034927e-05, 0.098648936)
body_offset = Transform3D(0.9999998, 5.9604645e-07, 5.556643e-05, 5.5380166e-05, 5.1781535e-05, -0.99999994, -6.2957406e-07, 0.99999976, 5.1751733e-05, 5.6624413e-06, 0.098648936, -3.3140182e-05)

[node name="Physical Bone hand_r" parent="MeshRoot/Model/Godot_Chan_Stealth/Skeleton3D/PhysicalBoneSimulator3D" parent_id_path=PackedInt32Array(939471750) index="9" unique_id=1300020775]
transform = Transform3D(0.89359903, 0.44750977, 0.034869324, 0.3981113, -0.75427884, -0.5220832, -0.20733616, 0.4804149, -0.85218143, -0.14010969, 1.276766, 0.3644626)
joint_offset = Transform3D(1, 0, 0, 0, 1, 0, 0, 0, 1, 2.8351787e-06, -2.4291396e-05, 0.045337696)
body_offset = Transform3D(-0.33405364, -0.9289106, -0.15978996, 1.4454126e-05, 0.16952378, -0.9855262, 0.9425539, -0.32922065, -0.056616783, 0.007222891, 0.044685602, 0.0025562048)

[node name="Physical Bone neck_01" parent="MeshRoot/Model/Godot_Chan_Stealth/Skeleton3D/PhysicalBoneSimulator3D" parent_id_path=PackedInt32Array(939471750) index="10" unique_id=931085682]
transform = Transform3D(0.99915147, -0.034589052, 0.022362964, 0.015673967, -0.18279512, -0.98302615, 0.038089782, 0.9825424, -0.18209787, -0.011785956, 1.2898116, -0.10742925)
joint_offset = Transform3D(1, 0, 0, 0, 1, 0, 0, 0, 1, -1.8892607e-07, -2.099453e-06, 0.054632775)
body_offset = Transform3D(0.99999994, -1.1175871e-07, -4.622154e-06, -4.3739565e-06, 1.8775463e-05, -1.0000001, 3.1664968e-07, 1.0000001, 1.8790364e-05, 4.414469e-07, 0.054632783, 1.0728836e-06)

[node name="Physical Bone thigh_l" parent="MeshRoot/Model/Godot_Chan_Stealth/Skeleton3D/PhysicalBoneSimulator3D" parent_id_path=PackedInt32Array(939471750) index="11" unique_id=1093952325]
transform = Transform3D(0.32199895, -0.94249564, -0.08954725, -0.019757332, -0.101253845, 0.99466443, -0.9465339, -0.3185117, -0.051224828, 0.07686333, 0.5615097, -0.08363835)
joint_offset = Transform3D(1, 0, 0, 0, 1, 0, 0, 0, 1, -2.3570085e-05, -3.8584817e-06, 0.1738589)
body_offset = Transform3D(0.9999999, 0.00027382374, 9.40077e-05, 9.3918294e-05, 2.2679567e-05, -0.99999994, -0.00027364492, 0.999999, 2.249889e-05, 7.227063e-06, 0.17385888, -5.9604645e-08)

[node name="Physical Bone calf_l" parent="MeshRoot/Model/Godot_Chan_Stealth/Skeleton3D/PhysicalBoneSimulator3D" parent_id_path=PackedInt32Array(939471750) index="12" unique_id=2004858163]
transform = Transform3D(0.701143, -0.5143124, 0.49384332, 0.021086661, 0.7072612, 0.70663786, -0.7127088, -0.48504072, 0.5067364, 0.004568778, 0.2627719, -0.16491747)
joint_offset = Transform3D(1, 0, 0, 0, 1, 0, 0, 0, 1, -8.5402735e-06, -1.9131425e-05, 0.1779281)
body_offset = Transform3D(0.9999995, 6.207824e-05, 1.835823e-05, 1.886487e-05, 7.723272e-05, -0.9999994, -6.148219e-05, 0.9999995, 7.787347e-05, 5.275011e-06, 0.177928, 5.275011e-06)

[node name="Physical Bone foot_l" parent="MeshRoot/Model/Godot_Chan_Stealth/Skeleton3D/PhysicalBoneSimulator3D" parent_id_path=PackedInt32Array(939471750) index="13" unique_id=404403200]
transform = Transform3D(0.74267775, -0.6493654, -0.1635675, 0.058808956, -0.180068, 0.9818947, -0.6670617, -0.73885053, -0.095543995, -0.07391474, 0.08046131, -0.24960274)
joint_offset = Transform3D(1, 0, 0, 0, 1, 0, 0, 0, 1, 1.5196434e-06, 1.3314317e-05, 0.057583347)
body_offset = Transform3D(0.99999964, 0.0002719462, 6.489456e-05, 6.471574e-05, -0.00022862107, -0.9999998, -0.00027111173, 0.9999991, -0.00022888184, -5.26011e-06, 0.05758334, -1.3411045e-07)

[node name="Physical Bone thigh_r" parent="MeshRoot/Model/Godot_Chan_Stealth/Skeleton3D/PhysicalBoneSimulator3D" parent_id_path=PackedInt32Array(939471750) index="14" unique_id=461211121]
transform = Transform3D(0.97089684, -0.19317454, -0.14157346, 0.08805634, -0.261796, 0.96109784, -0.222723, -0.9455932, -0.23716667, -0.046607807, 0.59273714, 0.06309298)
joint_offset = Transform3D(1, 0, 0, 0, 1, 0, 0, 0, 1, -5.76299e-06, -1.6405993e-05, 0.17385072)
body_offset = Transform3D(1, -7.838011e-06, -1.2986362e-05, -1.3113022e-05, 7.535517e-05, -0.9999997, 7.644296e-06, 0.9999989, 7.534027e-05, 8.02055e-06, 0.17385066, 3.3080578e-06)

[node name="Physical Bone calf_r" parent="MeshRoot/Model/Godot_Chan_Stealth/Skeleton3D/PhysicalBoneSimulator3D" parent_id_path=PackedInt32Array(939471750) index="15" unique_id=870937235]
transform = Transform3D(0.79254454, -0.60682803, 0.06027403, 0.005806896, 0.10634551, 0.9943123, -0.60978645, -0.78768677, 0.087807335, -0.03269428, 0.24861605, 0.0886832)
joint_offset = Transform3D(1, 0, 0, 0, 1, 0, 0, 0, 1, -4.2255386e-05, -1.3962169e-05, 0.17794225)
body_offset = Transform3D(0.9999994, -0.00066816807, 0.00023908913, 0.0002387315, 6.835163e-05, -0.9999995, 0.0006674528, 0.99999887, 6.888807e-05, -2.9802322e-07, 0.17794216, 1.73226e-06)

[node name="Physical Bone foot_r" parent="MeshRoot/Model/Godot_Chan_Stealth/Skeleton3D/PhysicalBoneSimulator3D" parent_id_path=PackedInt32Array(939471750) index="16" unique_id=1666808336]
transform = Transform3D(0.77964723, -0.36474842, -0.50902724, -0.057062484, -0.8508566, 0.52229017, -0.62361366, -0.3781558, -0.68418145, -0.0140706785, 0.041579515, 0.112426154)
joint_offset = Transform3D(1, 0, 0, 0, 1, 0, 0, 0, 1, -1.478275e-06, 1.2591114e-05, 0.057592183)
body_offset = Transform3D(0.9999997, -0.00013668835, -3.0577183e-05, -3.015995e-05, -0.00029721856, -0.9999995, 0.0001359433, 0.9999995, -0.0002976656, 3.2410026e-06, 0.05759216, 4.5523047e-06)

[node name="MovementController" parent="." index="3" unique_id=349324944]
world_space_movement = true
face_camera_in_combat = false

[node name="RollTimer" parent="." index="9" unique_id=832343372]
wait_time = 0.5

[node name="StanceAntispamTimer" parent="." index="10" unique_id=37994442]
wait_time = 0.3

[node name="Health" parent="." index="13" unique_id=1822801054]
display_name = "Enemy"

[node name="CameraRoot" parent="." index="14" unique_id=1945688108]
script = ExtResource("3_ecam")

[node name="SightRay" type="RayCast3D" parent="CameraRoot/Yaw/Pitch/Pivot/SpringArm/Camera" parent_id_path=PackedInt32Array(1227212050) index="2" unique_id=1571819106]
transform = Transform3D(-1, 0, -1.5099573e-07, -4.5000235e-15, 1, 2.9802322e-08, 1.5099573e-07, 2.9802322e-08, -1, 0, -0.6999999, -2.0861624e-08)
target_position = Vector3(0, 0, -15)
collision_mask = 9

[node name="NavigationAgent3D" type="NavigationAgent3D" parent="." index="15" unique_id=24024727]
path_desired_distance = 0.5
target_desired_distance = 0.5

[connection signal="damaged" from="Health" to="." method="on_enemy_damaged"]

[editable path="MeshRoot/Model"]
