[gd_scene format=3 uid="uid://dbnx63f3e5s88"]

[ext_resource type="PackedScene" uid="uid://dhp225d838mq7" path="res://src/main/resources/com/character/Character.tscn" id="1_base"]
[ext_resource type="Script" uid="uid://be3bdglh1u53c" path="res://gdj/com/character/Enemy.gdj" id="2_trpk3"]
[ext_resource type="Script" uid="uid://n2nm7nsou05h" path="res://src/main/java/com/character/EnemyCameraController.java" id="3_ecam"]

[node name="Enemy" unique_id=1865541393 instance=ExtResource("1_base")]
script = ExtResource("2_trpk3")
detection_range = 100.0
aim_pitch_min = -55.0
aim_pitch_max = 75.0
attack_range = 500.0
patrol_radius = 200.0
hit_chance = 0.75
reaction_time = 0.3
aim_scatter_radius = 1.5
strafe_change_duration = 1.2

[node name="Skeleton3D" parent="MeshRoot/Model/Godot_Chan_Stealth" index="0"]
bones/0/position = Vector3(4.749568e-10, -0.015576363, -0.080805)
bones/1/rotation = Quaternion(0.42548126, 0.11007846, 0.74978745, -0.4946384)
bones/2/rotation = Quaternion(0.4418194, -0.12112771, 0.052203618, 0.88735485)
bones/3/rotation = Quaternion(-0.09677544, -0.17255716, 0.048409957, 0.9790379)
bones/4/rotation = Quaternion(-0.05780647, -0.05510453, 0.0076853414, 0.9967762)
bones/43/rotation = Quaternion(0.19536309, -0.020434696, 0.005978483, 0.9804999)
bones/45/rotation = Quaternion(0.94098306, 0.14789817, -0.2228788, -0.20736922)
bones/46/rotation = Quaternion(0.4385155, 0.2010008, -0.09844117, 0.8704093)
bones/47/rotation = Quaternion(-0.44670203, 0.024622528, -0.026529139, 0.89395034)
bones/48/rotation = Quaternion(-0.44319278, 0.021031694, 0.023585288, 0.89586926)
bones/49/rotation = Quaternion(0.95388716, 0.01360184, 0.2668756, -0.13671808)
bones/50/rotation = Quaternion(0.20885009, -0.2143758, 0.027608909, 0.95376223)
bones/51/rotation = Quaternion(-0.53301746, -0.022657486, 0.02335567, 0.84547836)
bones/52/rotation = Quaternion(-0.30238938, -0.019924965, -0.037083194, 0.9522545)

[node name="WeaponAttachment" parent="MeshRoot/Model/Godot_Chan_Stealth/Skeleton3D" index="8" unique_id=1709979392]
transform = Transform3D(-0.7183587, 0.04174022, 0.6944195, 0.6526315, 0.38609397, 0.6519229, -0.24089992, 0.9215144, -0.30459523, -0.13734867, 1.2563688, 0.3269977)

[node name="NeckAttachment" parent="MeshRoot/Model/Godot_Chan_Stealth/Skeleton3D" index="10" unique_id=374203861]
transform = Transform3D(0.9991524, -0.020599933, -0.03563703, 0.01372928, 0.98296577, -0.18327427, 0.038805347, 0.18262951, 0.9824157, -0.009154112, 1.239343, -0.11613171)

[node name="Physical Bone pelvis" parent="MeshRoot/Model/Godot_Chan_Stealth/Skeleton3D/PhysicalBoneSimulator3D" parent_id_path=PackedInt32Array(939471750) index="0" unique_id=1746322989]
transform = Transform3D(0.74755675, 0.61300856, 0.25569403, -0.1483788, 0.52936786, -0.83531636, -0.64741224, 0.58650684, 0.48668998, -0.011334089, 0.79606104, -0.0532744)
joint_offset = Transform3D(1, 0, 0, 0, 1, 0, 0, 0, 1, -0.00012485386, 0.00040064464, 0.043731056)
body_offset = Transform3D(0.9999995, -0.0008826852, -0.00029814243, -0.00029805303, 0.00011229515, -1, 0.000882566, 0.9999997, 0.000111967325, 0.00013824552, 0.043730974, -0.0004054308)

[node name="Physical Bone spine_01" parent="MeshRoot/Model/Godot_Chan_Stealth/Skeleton3D/PhysicalBoneSimulator3D" parent_id_path=PackedInt32Array(939471750) index="1" unique_id=1338132887]
transform = Transform3D(0.8846828, 0.43419668, -0.16973421, -0.017337076, -0.33319142, -0.9426998, -0.4658711, 0.83693296, -0.28724098, -0.015842386, 0.85799336, -0.062879644)
joint_offset = Transform3D(1, 0, 0, 0, 1, 0, 0, 0, 1, 7.775016e-06, -3.7776972e-05, 0.031051323)
body_offset = Transform3D(0.99999994, 0.00035008788, -0.00017504394, -0.00017511845, 0.0003298819, -1, -0.00034993887, 0.9999999, 0.0003298521, -2.3264438e-06, 0.031051338, 2.7537346e-05)

[node name="Physical Bone spine_02" parent="MeshRoot/Model/Godot_Chan_Stealth/Skeleton3D/PhysicalBoneSimulator3D" parent_id_path=PackedInt32Array(939471750) index="2" unique_id=757714071]
transform = Transform3D(0.99227124, 0.12212736, -0.021972083, -0.004877001, -0.13854884, -0.99034363, -0.12399226, 0.9827966, -0.13688241, -0.009612064, 0.9299429, -0.048052378)
joint_offset = Transform3D(1, 0, 0, 0, 1, 0, 0, 0, 1, -1.0076081e-06, 4.3473403e-07, 0.042943824)
body_offset = Transform3D(1, 0.00020331144, -1.3411045e-07, -9.685755e-08, -2.9802322e-05, -1.0000002, -0.00020325929, 1.0000002, -2.990663e-05, 1.013279e-06, 0.042943835, 8.493662e-07)

[node name="Physical Bone spine_03" parent="MeshRoot/Model/Godot_Chan_Stealth/Skeleton3D/PhysicalBoneSimulator3D" parent_id_path=PackedInt32Array(939471750) index="3" unique_id=820002353]
transform = Transform3D(-0.116860546, -0.9884149, -0.09684888, 0.20613475, 0.07125381, -0.9759259, 0.97152054, -0.13401115, 0.19541988, 0.0017199973, 1.0770633, -0.06324058)
joint_offset = Transform3D(1, 0, 0, 0, 1, 0, 0, 0, 1, 1.2341188e-05, -1.591393e-05, 0.107497506)
body_offset = Transform3D(-0.118448205, -0.98806757, -0.09845051, -4.5999885e-05, 0.099153936, -0.9950722, 0.9929604, -0.11786005, -0.011790246, 0.010568923, 0.10696936, 0.001253292)

[node name="Physical Bone upperarm_l" parent="MeshRoot/Model/Godot_Chan_Stealth/Skeleton3D/PhysicalBoneSimulator3D" parent_id_path=PackedInt32Array(939471750) index="4" unique_id=2139273424]
transform = Transform3D(-0.7557688, -0.5020951, 0.42037386, -0.57417446, 0.816765, -0.05673389, -0.31486085, -0.28424567, -0.9055756, 0.08385274, 1.2093902, 0.058372933)
joint_offset = Transform3D(1, 0, 0, 0, 1, 0, 0, 0, 1, -3.590459e-05, 4.9620197e-05, 0.10950082)
body_offset = Transform3D(1.0000002, -0.00038796663, 0.00028452277, 0.00028410554, -0.0005683303, -0.99999976, 0.00038820505, 0.99999964, -0.0005684197, 4.7683716e-06, 0.10950084, 1.2636185e-05)

[node name="Physical Bone lowerarm_l" parent="MeshRoot/Model/Godot_Chan_Stealth/Skeleton3D/PhysicalBoneSimulator3D" parent_id_path=PackedInt32Array(939471750) index="5" unique_id=131082064]
transform = Transform3D(-0.7278572, 0.37863088, 0.5717191, 0.38258466, 0.91613907, -0.119659305, -0.5690808, 0.13163608, -0.8116766, -0.018559214, 1.2273263, 0.23764361)
joint_offset = Transform3D(1, 0, 0, 0, 1, 0, 0, 0, 1, 2.899723e-05, 6.8952463e-06, 0.09875467)
body_offset = Transform3D(0.99999946, 0.000844717, -0.0002182424, -0.000218153, 1.6093254e-06, -1.0000001, -0.00084501505, 0.99999976, 1.6465783e-06, -7.4505806e-06, 0.098754674, -7.033348e-06)

[node name="Physical Bone hand_l" parent="MeshRoot/Model/Godot_Chan_Stealth/Skeleton3D/PhysicalBoneSimulator3D" parent_id_path=PackedInt32Array(939471750) index="6" unique_id=1030953935]
transform = Transform3D(-0.12160194, -0.83218735, 0.54099655, -0.9614118, 0.23426193, 0.14425282, -0.24678026, -0.502579, -0.82856137, -0.09934309, 1.2325621, 0.35524556)
joint_offset = Transform3D(1, 0, 0, 0, 1, 0, 0, 0, 1, 2.4954788e-06, 8.7753e-05, 0.045335405)
body_offset = Transform3D(-0.33454782, 0.92892814, 0.15865117, -2.707541e-05, 0.16834262, -0.9857287, -0.9423789, -0.32977778, -0.056293607, -0.007273197, 0.044673637, 0.0025833845)

[node name="Physical Bone upperarm_r" parent="MeshRoot/Model/Godot_Chan_Stealth/Skeleton3D/PhysicalBoneSimulator3D" parent_id_path=PackedInt32Array(939471750) index="7" unique_id=1444960253]
transform = Transform3D(-0.9282903, 0.37124726, -0.02127709, 0.3718229, 0.9259167, -0.06652922, -0.0049979757, -0.06966974, -0.9975576, -0.15463439, 1.2002935, 0.027191915)
joint_offset = Transform3D(1, 0, 0, 0, 1, 0, 0, 0, 1, 5.9976515e-05, 0.00015032954, 0.10946238)
body_offset = Transform3D(1, 0.00031865606, -4.9239025e-06, -4.8992224e-06, 8.855015e-05, -0.99999994, -0.00031866372, 1, 8.832663e-05, -5.9485435e-05, 0.10946235, -0.00015997887)

[node name="Physical Bone lowerarm_r" parent="MeshRoot/Model/Godot_Chan_Stealth/Skeleton3D/PhysicalBoneSimulator3D" parent_id_path=PackedInt32Array(939471750) index="8" unique_id=1558192436]
transform = Transform3D(-0.99679047, 0.025626132, -0.07584201, 0.04363361, 0.9682029, -0.24633151, 0.06711792, -0.24885017, -0.96621364, -0.14483553, 1.2320359, 0.2316865)
joint_offset = Transform3D(1, 0, 0, 0, 1, 0, 0, 0, 1, -1.1068932e-05, 2.369038e-05, 0.098648)
body_offset = Transform3D(1.0000001, 5.606562e-07, 5.5409968e-05, 5.5402517e-05, 5.1259995e-05, -1.0000001, -5.2154064e-07, 0.99999994, 5.108118e-05, 5.6028366e-06, 0.09864801, -2.8729439e-05)

[node name="Physical Bone hand_r" parent="MeshRoot/Model/Godot_Chan_Stealth/Skeleton3D/PhysicalBoneSimulator3D" parent_id_path=PackedInt32Array(939471750) index="9" unique_id=1300020775]
transform = Transform3D(0.89449835, 0.44575083, 0.034334444, 0.39646482, -0.7554105, -0.5216998, -0.20661148, 0.48027194, -0.85243803, -0.13889883, 1.2800013, 0.36565784)
joint_offset = Transform3D(1, 0, 0, 0, 1, 0, 0, 0, 1, 4.7935173e-06, -2.4157634e-05, 0.045337655)
body_offset = Transform3D(-0.33405268, -0.92891127, -0.15979004, 1.3917685e-05, 0.16952372, -0.9855263, 0.9425545, -0.3292197, -0.05661714, 0.0072236657, 0.044685543, 0.0025544167)

[node name="Physical Bone neck_01" parent="MeshRoot/Model/Godot_Chan_Stealth/Skeleton3D/PhysicalBoneSimulator3D" parent_id_path=PackedInt32Array(939471750) index="10" unique_id=931085682]
transform = Transform3D(0.9991526, -0.035637654, 0.020594915, 0.013725016, -0.1832553, -0.9829696, 0.038804855, 0.9824192, -0.18261087, -0.0102790035, 1.2930417, -0.10615406)
joint_offset = Transform3D(1, 0, 0, 0, 1, 0, 0, 0, 1, -2.571128e-07, -1.7629254e-06, 0.054629315)
body_offset = Transform3D(1, -2.30968e-07, -4.346017e-06, -4.285481e-06, 1.9297004e-05, -1.0000002, 2.9057264e-07, 1, 1.9177794e-05, 4.945323e-07, 0.054629326, 7.1525574e-07)

[node name="Physical Bone thigh_l" parent="MeshRoot/Model/Godot_Chan_Stealth/Skeleton3D/PhysicalBoneSimulator3D" parent_id_path=PackedInt32Array(939471750) index="11" unique_id=1093952325]
transform = Transform3D(0.325682, -0.94195694, -0.08153805, -0.0071400525, -0.08868777, 0.99603385, -0.9454524, -0.32380816, -0.035609633, 0.07519138, 0.56401056, -0.08648745)
joint_offset = Transform3D(1, 0, 0, 0, 1, 0, 0, 0, 1, -2.3583047e-05, -3.8526055e-06, 0.17385806)
body_offset = Transform3D(1, 0.00027015805, 9.27113e-05, 9.270385e-05, 2.1490268e-05, -1.0000004, -0.00027003884, 0.99999917, 2.1480024e-05, 7.4654818e-06, 0.1738581, 1.1175871e-07)

[node name="Physical Bone calf_l" parent="MeshRoot/Model/Godot_Chan_Stealth/Skeleton3D/PhysicalBoneSimulator3D" parent_id_path=PackedInt32Array(939471750) index="12" unique_id=2004858163]
transform = Transform3D(0.70420027, -0.4833276, 0.52009284, 0.027360708, 0.7504529, 0.6603575, -0.70947415, -0.45079377, 0.5416932, -0.0031661242, 0.27326885, -0.17670122)
joint_offset = Transform3D(1, 0, 0, 0, 1, 0, 0, 0, 1, -8.323615e-06, -1.8635408e-05, 0.1779285)
body_offset = Transform3D(1, 6.3210726e-05, 1.7642975e-05, 1.8149614e-05, 7.7202916e-05, -0.9999997, -6.2704086e-05, 1.0000001, 7.793307e-05, 5.185604e-06, 0.17792845, 4.7683716e-06)

[node name="Physical Bone foot_l" parent="MeshRoot/Model/Godot_Chan_Stealth/Skeleton3D/PhysicalBoneSimulator3D" parent_id_path=PackedInt32Array(939471750) index="13" unique_id=404403200]
transform = Transform3D(0.748451, -0.65670115, -0.092545986, 0.05789603, -0.074314, 0.99555284, -0.6606581, -0.7504806, -0.017599992, -0.09041069, 0.09840891, -0.2720969)
joint_offset = Transform3D(1, 0, 0, 0, 1, 0, 0, 0, 1, 7.563052e-07, 1.329943e-05, 0.0575836)
body_offset = Transform3D(0.99999976, 0.0002707839, 6.5082684e-05, 6.513018e-05, -0.0002275724, -1.0000002, -0.00026983023, 0.99999934, -0.00022733212, -4.5076013e-06, 0.057583615, -2.0861626e-07)

[node name="Physical Bone thigh_r" parent="MeshRoot/Model/Godot_Chan_Stealth/Skeleton3D/PhysicalBoneSimulator3D" parent_id_path=PackedInt32Array(939471750) index="14" unique_id=461211121]
transform = Transform3D(0.9670315, -0.19440374, -0.1644911, 0.10472481, -0.2851976, 0.95273036, -0.2321268, -0.93854654, -0.25543615, -0.042518288, 0.5978277, 0.066377014)
joint_offset = Transform3D(1, 0, 0, 0, 1, 0, 0, 0, 1, -5.7376137e-06, -1.6100987e-05, 0.17385156)
body_offset = Transform3D(1, -7.6293945e-06, -1.2475997e-05, -1.2494624e-05, 7.4118376e-05, -0.9999999, 7.584691e-06, 0.999999, 7.401407e-05, 7.906463e-06, 0.17385155, 3.233552e-06)

[node name="Physical Bone calf_r" parent="MeshRoot/Model/Godot_Chan_Stealth/Skeleton3D/PhysicalBoneSimulator3D" parent_id_path=PackedInt32Array(939471750) index="15" unique_id=870937235]
transform = Transform3D(0.788449, -0.6118706, 0.06294923, 0.010025272, 0.11510937, 0.9933022, -0.6150185, -0.78253704, 0.09689203, -0.02509449, 0.25534225, 0.09352869)
joint_offset = Transform3D(1, 0, 0, 0, 1, 0, 0, 0, 1, -4.204959e-05, -1.4041109e-05, 0.17794275)
body_offset = Transform3D(0.99999964, -0.0006650388, 0.0002373457, 0.00023706257, 6.723404e-05, -0.9999995, 0.00066426396, 0.99999905, 6.7822635e-05, -1.937151e-07, 0.1779427, 2.000481e-06)

[node name="Physical Bone foot_r" parent="MeshRoot/Model/Godot_Chan_Stealth/Skeleton3D/PhysicalBoneSimulator3D" parent_id_path=PackedInt32Array(939471750) index="16" unique_id=1666808336]
transform = Transform3D(0.7749369, -0.36999914, -0.5124193, -0.051609255, -0.84507614, 0.5321493, -0.62992805, -0.3859365, -0.67397606, -0.0067519527, 0.047917817, 0.11506763)
joint_offset = Transform3D(1, 0, 0, 0, 1, 0, 0, 0, 1, -1.4163813e-06, 1.2127813e-05, 0.05759249)
body_offset = Transform3D(0.9999999, -0.00013373792, -2.9712915e-05, -2.9325485e-05, -0.00029453635, -0.9999995, 0.00013312697, 0.9999994, -0.00029492378, 3.1292439e-06, 0.057592463, 4.8577785e-06)

[node name="MovementController" parent="." index="3" unique_id=349324944]
world_space_movement = true
face_camera_in_combat = false

[node name="RollTimer" parent="." index="9" unique_id=832343372]
wait_time = 0.5

[node name="StanceAntispamTimer" parent="." index="10" unique_id=37994442]
wait_time = 0.3

[node name="Health" parent="." index="13" unique_id=1822801054]
max_health = 60.0

[node name="CameraRoot" parent="." index="14" unique_id=1945688108]
script = ExtResource("3_ecam")
recoil_recovery_speed = null

[node name="SightRay" type="RayCast3D" parent="CameraRoot/Yaw/Pitch/Pivot/SpringArm/Camera" parent_id_path=PackedInt32Array(1227212050) index="2" unique_id=1571819106]
transform = Transform3D(-1, 0, -1.5099573e-07, -4.5000235e-15, 1, 2.9802322e-08, 1.5099573e-07, 2.9802322e-08, -1, 0, -0.6999999, -2.0861624e-08)
target_position = Vector3(0, 0, -15)
collision_mask = 9

[node name="NavigationAgent3D" type="NavigationAgent3D" parent="." index="15" unique_id=24024727]
path_desired_distance = 0.5
target_desired_distance = 0.5

[connection signal="damaged" from="Health" to="." method="on_enemy_damaged"]

[editable path="MeshRoot/Model"]
