[gd_scene format=3 uid="uid://dbnx63f3e5s88"]

[ext_resource type="PackedScene" uid="uid://dhp225d838mq7" path="res://src/main/resources/com/character/Character.tscn" id="1_base"]
[ext_resource type="Script" uid="uid://be3bdglh1u53c" path="res://gdj/com/character/Enemy.gdj" id="2_trpk3"]
[ext_resource type="Script" uid="uid://n2nm7nsou05h" path="res://src/main/java/com/character/EnemyCameraController.java" id="3_ecam"]

[node name="Enemy" unique_id=1865541393 instance=ExtResource("1_base")]
script = ExtResource("2_trpk3")
detection_range = 100.0
aim_pitch_min = -55.0
aim_pitch_max = 75.0
attack_range = 100.0
patrol_radius = 200.0
hit_chance = 0.75
reaction_time = 0.3
aim_scatter_radius = 1.5
strafe_change_duration = 1.2

[node name="Skeleton3D" parent="MeshRoot/Model/Godot_Chan_Stealth" index="0"]
bones/0/position = Vector3(1.1639661e-09, -0.022913646, -0.080805)
bones/1/rotation = Quaternion(0.4291404, 0.110030204, 0.7493254, -0.4921823)
bones/2/rotation = Quaternion(0.44312716, -0.10702265, 0.05428319, 0.88839054)
bones/3/rotation = Quaternion(-0.09627086, -0.17836082, 0.048748467, 0.97803015)
bones/4/rotation = Quaternion(-0.058384623, -0.058553256, 0.006719695, 0.99655294)
bones/43/rotation = Quaternion(0.19533904, -0.019962773, 0.00586035, 0.9805151)
bones/45/rotation = Quaternion(0.9210151, 0.15575947, -0.2280939, -0.27466968)
bones/46/rotation = Quaternion(0.3017104, 0.21398988, -0.06553827, 0.9267599)
bones/47/rotation = Quaternion(-0.58788735, 0.01853272, -0.03046861, 0.8081563)
bones/48/rotation = Quaternion(-0.45895106, 0.021129059, 0.021974904, 0.88793844)
bones/49/rotation = Quaternion(0.95465124, 0.017133102, 0.2687682, -0.12693003)
bones/50/rotation = Quaternion(0.17263153, -0.21926811, 0.018728502, 0.9600881)
bones/51/rotation = Quaternion(-0.5063555, -0.025606738, 0.027883923, 0.8614934)
bones/52/rotation = Quaternion(-0.2890987, -0.01980011, -0.038280446, 0.9563287)

[node name="WeaponAttachment" parent="MeshRoot/Model/Godot_Chan_Stealth/Skeleton3D" index="8" unique_id=1709979392]
transform = Transform3D(-0.71776223, 0.0418952, 0.695027, 0.6529163, 0.38728762, 0.6509291, -0.24190451, 0.9210064, -0.3053346, -0.1371471, 1.2494141, 0.3258503)

[node name="NeckAttachment" parent="MeshRoot/Model/Godot_Chan_Stealth/Skeleton3D" index="10" unique_id=374203861]
transform = Transform3D(0.999196, -0.019386388, -0.035096098, 0.012688663, 0.98324054, -0.18187062, 0.038033616, 0.18127905, 0.9826958, -0.008884572, 1.231689, -0.11723202)

[node name="Physical Bone pelvis" parent="MeshRoot/Model/Godot_Chan_Stealth/Skeleton3D/PhysicalBoneSimulator3D" parent_id_path=PackedInt32Array(939471750) index="0" unique_id=1746322989]
transform = Transform3D(0.7517009, 0.60712826, 0.2575678, -0.1471136, 0.53507, -0.83190006, -0.6428869, 0.5874483, 0.49152935, -0.010944557, 0.7874724, -0.052563235)
joint_offset = Transform3D(1, 0, 0, 0, 1, 0, 0, 0, 1, -4.5769586e-05, 0.00016264404, 0.04224192)
body_offset = Transform3D(1, -0.00036615133, -0.00014355779, -0.00014334917, 0.0002335012, -0.99999994, 0.00036624074, 1, 0.0002336204, 5.1893294e-05, 0.04224187, -0.00017249584)

[node name="Physical Bone spine_01" parent="MeshRoot/Model/Godot_Chan_Stealth/Skeleton3D/PhysicalBoneSimulator3D" parent_id_path=PackedInt32Array(939471750) index="1" unique_id=1338132887]
transform = Transform3D(0.87407124, 0.45411772, -0.17255932, -0.014209481, -0.33115688, -0.94346875, -0.4855901, 0.82711077, -0.28300193, -0.015889304, 0.8504647, -0.063420616)
joint_offset = Transform3D(1, 0, 0, 0, 1, 0, 0, 0, 1, 1.9466324e-06, -1.2594717e-05, 0.031109566)
body_offset = Transform3D(1, 9.62019e-05, -5.3852797e-05, -5.3852797e-05, 0.00018467009, -1.0000001, -9.62615e-05, 1, 0.00018452108, -2.7008355e-07, 0.031109571, 6.854534e-06)

[node name="Physical Bone spine_02" parent="MeshRoot/Model/Godot_Chan_Stealth/Skeleton3D/PhysicalBoneSimulator3D" parent_id_path=PackedInt32Array(939471750) index="2" unique_id=757714071]
transform = Transform3D(0.9908607, 0.13310698, -0.02185589, -0.0033381681, -0.13778135, -0.9904571, -0.13484809, 0.9814779, -0.13607779, -0.009579559, 0.9222851, -0.04877638)
joint_offset = Transform3D(1, 0, 0, 0, 1, 0, 0, 0, 1, -8.297581e-07, -4.9444407e-07, 0.042845417)
body_offset = Transform3D(0.99999994, 8.006394e-05, -2.0675361e-07, -1.3038516e-07, -7.212162e-06, -1.0000002, -8.003414e-05, 1.0000001, -7.2419643e-06, 8.38656e-07, 0.042845428, 8.046627e-07)

[node name="Physical Bone spine_03" parent="MeshRoot/Model/Godot_Chan_Stealth/Skeleton3D/PhysicalBoneSimulator3D" parent_id_path=PackedInt32Array(939471750) index="3" unique_id=820002353]
transform = Transform3D(-0.11688537, -0.9883358, -0.09762254, 0.20756985, 0.07181443, -0.9755806, 0.9712119, -0.1342946, 0.19675466, 0.0018250393, 1.0693556, -0.06409424)
joint_offset = Transform3D(1, 0, 0, 0, 1, 0, 0, 0, 1, 2.46719e-06, -1.1143726e-05, 0.10737791)
body_offset = Transform3D(-0.11846662, -0.98807395, -0.098363146, -4.082918e-06, 0.09906119, -0.99508137, 0.9929581, -0.11788368, -0.011739448, 0.010551311, 0.10685086, 0.0012567937)

[node name="Physical Bone upperarm_l" parent="MeshRoot/Model/Godot_Chan_Stealth/Skeleton3D/PhysicalBoneSimulator3D" parent_id_path=PackedInt32Array(939471750) index="4" unique_id=2139273424]
transform = Transform3D(-0.7560775, -0.5015747, 0.4204398, -0.5740524, 0.8167664, -0.057936314, -0.31434175, -0.2851588, -0.90546876, 0.08410846, 1.2018762, 0.057322476)
joint_offset = Transform3D(1, 0, 0, 0, 1, 0, 0, 0, 1, 3.4496052e-06, 4.4305278e-05, 0.1094749)
body_offset = Transform3D(1, -0.0002797991, 0.00013357401, 0.00013330579, -0.00023269653, -1, 0.0002798736, 0.9999998, -0.00023266673, -1.8060207e-05, 0.109474905, -1.8835068e-05)

[node name="Physical Bone lowerarm_l" parent="MeshRoot/Model/Godot_Chan_Stealth/Skeleton3D/PhysicalBoneSimulator3D" parent_id_path=PackedInt32Array(939471750) index="5" unique_id=131082064]
transform = Transform3D(-0.7273603, 0.37966502, 0.5716655, 0.38279912, 0.91584766, -0.12119397, -0.5695716, 0.13068138, -0.8114866, -0.018326122, 1.2201663, 0.23650512)
joint_offset = Transform3D(1, 0, 0, 0, 1, 0, 0, 0, 1, 9.663684e-06, -1.2167998e-05, 0.09869152)
body_offset = Transform3D(0.99999976, 0.00047000498, -8.7291e-05, -8.741021e-05, -1.9140542e-05, -1, -0.00047026575, 0.99999976, -1.9192696e-05, -1.0430813e-06, 0.09869152, 1.4066696e-05)

[node name="Physical Bone hand_l" parent="MeshRoot/Model/Godot_Chan_Stealth/Skeleton3D/PhysicalBoneSimulator3D" parent_id_path=PackedInt32Array(939471750) index="6" unique_id=1030953935]
transform = Transform3D(-0.12258229, -0.83219934, 0.5407569, -0.9615664, 0.2344742, 0.14287059, -0.2456903, -0.50246024, -0.82895726, -0.09916409, 1.2256025, 0.35409954)
joint_offset = Transform3D(1, 0, 0, 0, 1, 0, 0, 0, 1, -1.49172265e-05, 4.5392313e-05, 0.04530439)
body_offset = Transform3D(-0.33428228, 0.92892253, 0.15924332, -1.4692545e-05, 0.16895825, -0.98562336, -0.9424729, -0.32947904, -0.05646625, -0.0072615743, 0.0446454, 0.0025590658)

[node name="Physical Bone upperarm_r" parent="MeshRoot/Model/Godot_Chan_Stealth/Skeleton3D/PhysicalBoneSimulator3D" parent_id_path=PackedInt32Array(939471750) index="7" unique_id=1444960253]
transform = Transform3D(-0.9278386, 0.37238157, -0.021155244, 0.3729384, 0.9253689, -0.06789265, -0.005705568, -0.07088302, -0.99746835, -0.15443158, 1.1931058, 0.02610141)
joint_offset = Transform3D(1, 0, 0, 0, 1, 0, 0, 0, 1, -2.133793e-06, 1.6416032e-05, 0.10945764)
body_offset = Transform3D(0.9999999, -4.7802692e-05, -1.6983133e-05, -1.7009676e-05, 3.8526952e-05, -1, 4.782522e-05, 0.9999997, 3.8437545e-05, 3.993511e-06, 0.10945764, -2.0623207e-05)

[node name="Physical Bone lowerarm_r" parent="MeshRoot/Model/Godot_Chan_Stealth/Skeleton3D/PhysicalBoneSimulator3D" parent_id_path=PackedInt32Array(939471750) index="8" unique_id=1558192436]
transform = Transform3D(-0.9967671, 0.02648904, -0.07585324, 0.044561006, 0.9678422, -0.2475799, 0.06685581, -0.2501596, -0.9658936, -0.14463001, 1.224979, 0.23056)
joint_offset = Transform3D(1, 0, 0, 0, 1, 0, 0, 0, 1, -2.67911e-06, 5.1705483e-06, 0.09864326)
body_offset = Transform3D(0.9999998, 3.594905e-07, 3.7431717e-05, 3.7387013e-05, 2.7403235e-05, -0.9999999, -3.4458935e-07, 0.9999999, 2.734363e-05, -1.013279e-06, 0.09864324, -7.867813e-06)

[node name="Physical Bone hand_r" parent="MeshRoot/Model/Godot_Chan_Stealth/Skeleton3D/PhysicalBoneSimulator3D" parent_id_path=PackedInt32Array(939471750) index="9" unique_id=1300020775]
transform = Transform3D(0.89488435, 0.44500184, 0.033992153, 0.39540398, -0.7552103, -0.5227937, -0.20697293, 0.48128054, -0.85178125, -0.13868447, 1.2730744, 0.36444488)
joint_offset = Transform3D(1, 0, 0, 0, 1, 0, 0, 0, 1, 8.4282365e-06, -2.2201042e-05, 0.045295823)
body_offset = Transform3D(-0.3340807, -0.9289185, -0.15968907, 3.0696392e-06, 0.16942233, -0.9855437, 0.9425443, -0.32925165, -0.056597948, 0.0072154403, 0.044644773, 0.0025483966)

[node name="Physical Bone neck_01" parent="MeshRoot/Model/Godot_Chan_Stealth/Skeleton3D/PhysicalBoneSimulator3D" parent_id_path=PackedInt32Array(939471750) index="10" unique_id=931085682]
transform = Transform3D(0.99919593, -0.03509677, 0.01938459, 0.012687722, -0.18184803, -0.98324484, 0.038033765, 0.9827001, -0.1812565, -0.0099371085, 1.2850708, -0.10738734)
joint_offset = Transform3D(1, 0, 0, 0, 1, 0, 0, 0, 1, -3.4261813e-08, -3.9297124e-06, 0.054292195)
body_offset = Transform3D(0.99999994, -2.2351742e-07, -9.899959e-07, -8.959323e-07, 2.2992492e-05, -1.0000001, 3.2410026e-07, 1.0000001, 2.297759e-05, 8.800998e-08, 0.054292202, 2.682209e-06)

[node name="Physical Bone thigh_l" parent="MeshRoot/Model/Godot_Chan_Stealth/Skeleton3D/PhysicalBoneSimulator3D" parent_id_path=PackedInt32Array(939471750) index="11" unique_id=1093952325]
transform = Transform3D(0.32746825, -0.94458485, 0.022893198, 0.039276753, 0.037816655, 0.9985125, -0.9440454, -0.32608202, 0.049483977, 0.057504475, 0.5563092, -0.1008237)
joint_offset = Transform3D(1, 0, 0, 0, 1, 0, 0, 0, 1, -8.834956e-06, 7.243788e-07, 0.1738745)
body_offset = Transform3D(1.0000002, 9.548664e-05, 2.2102147e-05, 2.206862e-05, 2.2128224e-06, -1, -9.533763e-05, 0.999999, 2.1923333e-06, 4.991889e-06, 0.1738745, -1.1064112e-06)

[node name="Physical Bone calf_l" parent="MeshRoot/Model/Godot_Chan_Stealth/Skeleton3D/PhysicalBoneSimulator3D" parent_id_path=PackedInt32Array(939471750) index="12" unique_id=2004858163]
transform = Transform3D(0.7064384, -0.5557841, 0.43823376, 0.011209708, 0.6278797, 0.7782297, -0.70768577, -0.5448589, 0.44978848, -0.024458319, 0.24416056, -0.18947297)
joint_offset = Transform3D(1, 0, 0, 0, 1, 0, 0, 0, 1, -2.8759573e-06, -6.568808e-06, 0.17794073)
body_offset = Transform3D(1, 2.0712614e-05, 1.3232231e-05, 1.3768673e-05, 2.9817224e-05, -0.9999996, -1.9967556e-05, 0.9999994, 3.0383468e-05, 5.2154064e-07, 0.17794064, 1.1622906e-06)

[node name="Physical Bone foot_l" parent="MeshRoot/Model/Godot_Chan_Stealth/Skeleton3D/PhysicalBoneSimulator3D" parent_id_path=PackedInt32Array(939471750) index="13" unique_id=404403200]
transform = Transform3D(0.7325624, -0.54065216, -0.41357908, 0.07022096, -0.54431456, 0.835937, -0.67706823, -0.6414179, -0.3607793, -0.07864174, 0.057513855, -0.24874876)
joint_offset = Transform3D(1, 0, 0, 0, 1, 0, 0, 0, 1, 2.2480845e-06, 4.114362e-06, 0.05758819)
body_offset = Transform3D(0.9999999, 0.00010097027, 6.8843365e-06, 6.3329935e-06, -8.760393e-05, -0.99999976, -0.000100165606, 0.9999994, -8.825958e-05, -2.644956e-06, 0.057588175, 9.685755e-07)

[node name="Physical Bone thigh_r" parent="MeshRoot/Model/Godot_Chan_Stealth/Skeleton3D/PhysicalBoneSimulator3D" parent_id_path=PackedInt32Array(939471750) index="14" unique_id=461211121]
transform = Transform3D(0.96594924, -0.18258359, -0.18331803, 0.121378034, -0.30593693, 0.9442828, -0.22849432, -0.93437994, -0.27335787, -0.039571438, 0.59177464, 0.06908557)
joint_offset = Transform3D(1, 0, 0, 0, 1, 0, 0, 0, 1, 3.809483e-07, -6.0661505e-06, 0.1738729)
body_offset = Transform3D(1.0000001, -1.8566847e-05, 7.1153045e-07, 6.631017e-07, 3.0428171e-05, -0.9999999, 1.859665e-05, 0.9999993, 3.0517578e-05, -5.0477684e-07, 0.17387289, 7.599592e-07)

[node name="Physical Bone calf_r" parent="MeshRoot/Model/Godot_Chan_Stealth/Skeleton3D/PhysicalBoneSimulator3D" parent_id_path=PackedInt32Array(939471750) index="15" unique_id=870937235]
transform = Transform3D(0.7868739, -0.6170908, -0.0053335624, 0.016307246, 0.012152645, 0.99979323, -0.6168984, -0.78679806, 0.01962565, -0.006729885, 0.24961324, 0.11312393)
joint_offset = Transform3D(1, 0, 0, 0, 1, 0, 0, 0, 1, -1.5334537e-05, -4.484573e-06, 0.17795414)
body_offset = Transform3D(0.9999999, -0.00029799342, 7.829256e-05, 7.798709e-05, 3.475137e-05, -0.99999964, 0.00029742718, 0.9999994, 3.5149045e-05, 1.4007092e-06, 0.17795408, -1.7657876e-06)

[node name="Physical Bone foot_r" parent="MeshRoot/Model/Godot_Chan_Stealth/Skeleton3D/PhysicalBoneSimulator3D" parent_id_path=PackedInt32Array(939471750) index="16" unique_id=1666808336]
transform = Transform3D(0.7753968, -0.3520633, -0.5242244, -0.05746829, -0.8660571, 0.49663115, -0.6288539, -0.35495993, -0.6917704, 0.024419094, 0.043079987, 0.14945623)
joint_offset = Transform3D(1, 0, 0, 0, 1, 0, 0, 0, 1, -9.930003e-07, 1.5101091e-06, 0.057593033)
body_offset = Transform3D(0.9999999, -3.4496188e-05, 1.3232231e-05, 1.3530254e-05, -7.279217e-05, -0.99999964, 3.3929944e-05, 0.9999995, -7.31796e-05, 2.30968e-07, 0.05759301, 2.7045608e-06)

[node name="MovementController" parent="." index="3" unique_id=349324944]
world_space_movement = true
face_camera_in_combat = false

[node name="RollTimer" parent="." index="9" unique_id=832343372]
wait_time = 0.5

[node name="StanceAntispamTimer" parent="." index="10" unique_id=37994442]
wait_time = 0.3

[node name="Health" parent="." index="13" unique_id=1822801054]
max_health = 60.0

[node name="CameraRoot" parent="." index="14" unique_id=1945688108]
script = ExtResource("3_ecam")

[node name="SightRay" type="RayCast3D" parent="CameraRoot/Yaw/Pitch/Pivot/SpringArm/Camera" parent_id_path=PackedInt32Array(1227212050) index="2" unique_id=1571819106]
transform = Transform3D(-1, 0, -1.5099573e-07, -4.5000235e-15, 1, 2.9802322e-08, 1.5099573e-07, 2.9802322e-08, -1, 0, -0.6999999, -2.0861624e-08)
target_position = Vector3(0, 0, -15)
collision_mask = 9

[node name="NavigationAgent3D" type="NavigationAgent3D" parent="." index="15" unique_id=24024727]
path_desired_distance = 0.5
target_desired_distance = 0.5

[connection signal="damaged" from="Health" to="." method="on_enemy_damaged"]

[editable path="MeshRoot/Model"]
